1769424417575 0.12019814065853995 0
1769424417575 0.12019814065853995 0
1769424417575 0.12019814065853995 0
1769424417575 0.12019814065853995 0
1769424417575 0.12019814065853995 0
1769424417575 0.12019814065853995 0
1769424417575 0.12019814065853995 0
1769424417575 0.12019814065853995 0
1769424417575 0.12019814065853995 0
1769424417575 0.12019814065853995 0
1769424417575 0.12019814065853995 0
1769424417575 0.12019814065853995 0
1769424417575 0.12019814065853995 0
1769424417575 0.12019814065853995 0
1769424417575 0.12019814065853995 0
1769424417575 0.12019814065853995 0
