1769424417575 6.608061790466309 0
1769424417575 6.608061790466309 0
1769424417575 6.608061790466309 0
1769424417575 6.608061790466309 0
1769424417575 6.608061790466309 0
1769424417575 6.608061790466309 0
1769424417575 6.608061790466309 0
1769424417575 6.608061790466309 0
1769424417575 6.608061790466309 0
1769424417575 6.608061790466309 0
1769424417575 6.608061790466309 0
1769424417575 6.608061790466309 0
1769424417575 6.608061790466309 0
1769424417575 6.608061790466309 0
1769424417575 6.608061790466309 0
1769424417575 6.608061790466309 0
