1769424211014 0.12019814065853995 0
1769424211014 0.12019814065853995 0
1769424211014 0.12019814065853995 0
1769424211014 0.12019814065853995 0
1769424211014 0.12019814065853995 0
1769424211014 0.12019814065853995 0
1769424211014 0.12019814065853995 0
1769424211014 0.12019814065853995 0
1769424211014 0.12019814065853995 0
1769424211014 0.12019814065853995 0
1769424211014 0.12019814065853995 0
1769424211014 0.12019814065853995 0
1769424211014 0.12019814065853995 0
1769424211014 0.12019814065853995 0
1769424211014 0.12019814065853995 0
1769424211014 0.12019814065853995 0
