1769424211014 4.346653699874878 0
1769424211014 4.346653699874878 0
1769424211014 4.346653699874878 0
1769424211014 4.346653699874878 0
1769424211014 4.346653699874878 0
1769424211014 4.346653699874878 0
1769424211014 4.346653699874878 0
1769424211014 4.346653699874878 0
1769424211014 4.346653699874878 0
1769424211014 4.346653699874878 0
1769424211014 4.346653699874878 0
1769424211014 4.346653699874878 0
1769424211014 4.346653699874878 0
1769424211014 4.346653699874878 0
1769424211014 4.346653699874878 0
1769424211014 4.346653699874878 0
